# Pearson top10 top100 top1000
RNCMPT00001 0.931 0.5 0.68 0.829
RNCMPT00002 0.917 0.8 0.86 0.671
RNCMPT00003 0.921 0.4 0.76 0.796
RNCMPT00004 0.95 0.5 0.63 0.809
RNCMPT00005 0.947 0.6 0.71 0.855
RNCMPT00006 0.92 0.5 0.72 0.719
RNCMPT00007 0.934 0.7 0.78 0.815
RNCMPT00008 0.89 0.6 0.8 0.732
RNCMPT00009 0.828 0.5 0.53 0.627
RNCMPT00010 0.818 0.8 0.58 0.613
RNCMPT00011 0.835 0.6 0.67 0.682
RNCMPT00012 0.884 0.4 0.74 0.68
RNCMPT00013 0.904 0.6 0.63 0.793
RNCMPT00014 0.947 0.7 0.76 0.788
RNCMPT00015 0.852 0.1 0.46 0.645
RNCMPT00016 0.952 0.4 0.64 0.775
RNCMPT00017 0.973 0.5 0.81 0.771
RNCMPT00018 0.825 0.3 0.53 0.577
RNCMPT00019 0.879 0.8 0.59 0.716
RNCMPT00020 0.906 0.4 0.64 0.748
RNCMPT00021 0.897 0.8 0.76 0.697
RNCMPT00022 0.967 0.8 0.83 0.845
RNCMPT00023 0.948 0.6 0.75 0.804
RNCMPT00024 0.96 0.8 0.86 0.843
RNCMPT00025 0.959 0.6 0.84 0.784
RNCMPT00026 0.924 0.4 0.54 0.731
RNCMPT00027 0.945 0.7 0.71 0.816
RNCMPT00028 0.928 0.6 0.63 0.783
RNCMPT00029 0.955 0.8 0.8 0.837
RNCMPT00031 0.893 0.5 0.75 0.645
RNCMPT00032 0.944 0.4 0.83 0.827
RNCMPT00033 0.904 0.3 0.48 0.711
RNCMPT00034 0.912 0.6 0.71 0.844
RNCMPT00035 0.695 0.5 0.54 0.427
RNCMPT00036 0.919 0.3 0.57 0.73
RNCMPT00037 0.885 0.5 0.53 0.602
RNCMPT00038 0.843 0.6 0.7 0.72
RNCMPT00039 0.721 0.8 0.58 0.579
RNCMPT00040 0.95 0.4 0.78 0.823
RNCMPT00041 0.95 0.5 0.64 0.929
RNCMPT00042 0.432 0.2 0.33 0.25
RNCMPT00043 0.945 0.7 0.81 0.837
RNCMPT00044 0.764 0.3 0.24 0.359
RNCMPT00045 0.824 0.1 0.51 0.549
RNCMPT00046 0.921 0.8 0.75 0.674
RNCMPT00047 0.626 0.5 0.26 0.258
RNCMPT00049 0.906 0.6 0.73 0.635
RNCMPT00050 0.875 0.8 0.64 0.695
RNCMPT00051 0.739 0.5 0.75 0.556
RNCMPT00052 0.925 0.8 0.7 0.776
RNCMPT00053 0.937 0.4 0.85 0.8
RNCMPT00054 0.888 0.4 0.68 0.703
RNCMPT00055 0.955 0.3 0.66 0.835
RNCMPT00056 0.792 0.7 0.32 0.438
RNCMPT00057 0.909 0.5 0.69 0.753
RNCMPT00058 0.891 0.7 0.79 0.714
RNCMPT00059 0.913 0.5 0.63 0.673
RNCMPT00060 0.708 0.5 0.47 0.455
RNCMPT00061 0.924 0.9 0.73 0.763
RNCMPT00062 0.901 0.6 0.66 0.73
RNCMPT00063 0.826 0.6 0.87 0.703
RNCMPT00064 0.874 0.4 0.71 0.722
RNCMPT00065 0.376 0.5 0.5 0.369
RNCMPT00066 0.945 0.5 0.68 0.821
RNCMPT00067 0.91 0.7 0.63 0.828
RNCMPT00068 0.9 0.3 0.54 0.692
RNCMPT00069 0.927 0.5 0.84 0.749
RNCMPT00070 0.9 0.5 0.72 0.797
RNCMPT00071 0.956 0.6 0.86 0.869
RNCMPT00072 0.95 0.5 0.68 0.797
RNCMPT00073 0.947 0.8 0.86 0.797
RNCMPT00074 0.855 0.6 0.62 0.696
RNCMPT00075 0.862 0.3 0.37 0.497
RNCMPT00076 0.954 0.6 0.84 0.828
RNCMPT00077 0.905 0.4 0.61 0.706
RNCMPT00078 0.852 0.7 0.62 0.549
RNCMPT00079 0.941 0.9 0.76 0.787
RNCMPT00080 0.885 0.7 0.71 0.725
RNCMPT00081 0.944 0.7 0.75 0.818
RNCMPT00082 0.702 0.7 0.74 0.341
RNCMPT00083 0.786 0.3 0.59 0.578
RNCMPT00084 0.844 0.5 0.7 0.685
RNCMPT00085 0.894 0.9 0.83 0.773
RNCMPT00086 0.802 0.5 0.52 0.528
RNCMPT00087 0.938 0.6 0.81 0.834
RNCMPT00088 0.892 0.6 0.6 0.732
RNCMPT00089 0.782 0.7 0.62 0.66
RNCMPT00090 0.751 0.7 0.75 0.599
RNCMPT00091 0.868 0.2 0.36 0.642
RNCMPT00093 0.902 0.4 0.59 0.754
RNCMPT00094 0.943 0.5 0.73 0.839
RNCMPT00095 0.972 0.9 0.87 0.892
RNCMPT00096 0.957 0.7 0.85 0.829
RNCMPT00097 0.904 0.7 0.6 0.777
RNCMPT00099 0.94 0.4 0.73 0.798
RNCMPT00100 0.93 0.3 0.77 0.757
RNCMPT00101 0.933 0.5 0.77 0.748
RNCMPT00102 0.361 0.7 0.2 0.159
RNCMPT00103 0.882 0.6 0.72 0.64
RNCMPT00104 0.841 0.8 0.71 0.523
RNCMPT00105 0.686 0.5 0.22 0.307
RNCMPT00106 0.906 0.5 0.53 0.777
RNCMPT00107 0.917 0.6 0.53 0.8
RNCMPT00108 0.941 0.6 0.66 0.801
RNCMPT00109 0.931 0.6 0.59 0.791
RNCMPT00110 0.876 0.3 0.68 0.75
RNCMPT00111 0.657 0.7 0.75 0.283
RNCMPT00112 0.881 0.2 0.57 0.728
RNCMPT00113 0.904 0.7 0.68 0.752
RNCMPT00114 0.916 0.4 0.7 0.782
RNCMPT00116 0.877 0.4 0.66 0.709
RNCMPT00117 0.901 0.3 0.68 0.744
RNCMPT00118 0.765 0.7 0.77 0.378
RNCMPT00119 0.693 0.6 0.51 0.3
RNCMPT00120 0.877 0.5 0.65 0.72
RNCMPT00121 0.881 0.6 0.7 0.727
RNCMPT00122 0.907 0.4 0.81 0.78
RNCMPT00123 0.941 0.6 0.78 0.733
RNCMPT00124 0.849 0.6 0.56 0.71
RNCMPT00126 0.916 0.4 0.73 0.815
RNCMPT00127 0.842 0.2 0.62 0.735
RNCMPT00129 0.728 0.2 0.33 0.453
RNCMPT00131 0.663 0.5 0.63 0.398
RNCMPT00132 0.896 0.7 0.7 0.753
RNCMPT00133 0.944 0.6 0.7 0.849
RNCMPT00134 0.961 0.4 0.71 0.845
RNCMPT00136 0.867 0.2 0.7 0.689
RNCMPT00137 0.86 0.3 0.43 0.672
RNCMPT00138 0.907 0.9 0.69 0.701
RNCMPT00139 0.935 0.6 0.8 0.803
RNCMPT00140 0.836 0.4 0.48 0.647
RNCMPT00141 0.871 0.0 0.27 0.495
RNCMPT00142 0.769 0.1 0.47 0.73
RNCMPT00143 0.892 0.7 0.5 0.627
RNCMPT00144 0.849 0.4 0.49 0.6
RNCMPT00145 0.912 0.5 0.85 0.801
RNCMPT00146 0.959 0.7 0.71 0.831
RNCMPT00147 0.884 0.6 0.78 0.671
RNCMPT00148 0.817 0.1 0.32 0.524
RNCMPT00149 0.903 0.1 0.53 0.669
RNCMPT00150 0.915 0.5 0.71 0.826
RNCMPT00151 0.918 0.6 0.85 0.821
RNCMPT00152 0.878 0.4 0.77 0.703
RNCMPT00153 0.881 0.4 0.64 0.696
RNCMPT00154 0.846 0.3 0.45 0.716
RNCMPT00155 0.876 0.4 0.72 0.734
RNCMPT00156 0.932 0.8 0.84 0.688
RNCMPT00157 0.918 0.6 0.75 0.666
RNCMPT00158 0.959 0.4 0.85 0.869
RNCMPT00159 0.904 0.6 0.82 0.781
RNCMPT00160 0.978 1.0 0.87 0.895
RNCMPT00161 0.903 0.6 0.59 0.712
RNCMPT00162 0.917 0.8 0.56 0.699
RNCMPT00163 0.817 0.8 0.7 0.735
RNCMPT00164 0.893 0.2 0.38 0.602
RNCMPT00165 0.929 0.3 0.66 0.803
RNCMPT00166 0.956 0.8 0.73 0.831
RNCMPT00167 0.96 0.7 0.84 0.782
RNCMPT00168 0.978 0.7 0.85 0.796
RNCMPT00169 0.923 0.4 0.64 0.833
RNCMPT00170 0.858 0.3 0.57 0.654
RNCMPT00171 0.864 0.4 0.57 0.721
RNCMPT00172 0.872 0.4 0.49 0.685
RNCMPT00173 0.922 0.4 0.71 0.776
RNCMPT00174 0.884 0.2 0.54 0.683
RNCMPT00175 0.907 0.2 0.56 0.732
RNCMPT00176 0.957 0.7 0.67 0.916
RNCMPT00177 0.827 0.2 0.47 0.569
RNCMPT00178 0.95 0.5 0.76 0.807
RNCMPT00179 0.963 0.6 0.82 0.837
RNCMPT00180 0.969 0.8 0.89 0.8
RNCMPT00181 0.937 0.5 0.66 0.905
RNCMPT00182 0.859 0.4 0.55 0.715
RNCMPT00183 0.948 0.6 0.73 0.835
RNCMPT00184 0.949 0.4 0.8 0.822
RNCMPT00185 0.874 0.3 0.6 0.857
RNCMPT00186 0.906 0.3 0.59 0.701
RNCMPT00187 0.878 0.3 0.65 0.727
RNCMPT00197 0.931 0.6 0.87 0.768
RNCMPT00199 0.96 0.9 0.84 0.867
RNCMPT00200 0.826 0.5 0.72 0.639
RNCMPT00202 0.92 0.7 0.71 0.739
RNCMPT00203 0.818 0.6 0.62 0.732
RNCMPT00205 0.974 0.9 0.9 0.878
RNCMPT00206 0.922 0.4 0.51 0.698
RNCMPT00209 0.963 0.6 0.86 0.881
RNCMPT00212 0.977 0.9 0.91 0.753
RNCMPT00215 0.951 0.5 0.71 0.785
RNCMPT00216 0.948 0.9 0.72 0.825
RNCMPT00217 0.928 0.5 0.54 0.732
RNCMPT00218 0.861 0.3 0.56 0.762
RNCMPT00219 0.955 0.7 0.87 0.816
RNCMPT00220 0.93 0.4 0.68 0.719
RNCMPT00223 0.935 0.6 0.77 0.864
RNCMPT00224 0.961 0.9 0.89 0.779
RNCMPT00225 0.861 0.4 0.58 0.604
RNCMPT00226 0.94 0.7 0.76 0.849
RNCMPT00228 0.798 0.8 0.75 0.643
RNCMPT00229 0.931 0.4 0.65 0.792
RNCMPT00230 0.956 0.6 0.74 0.787
RNCMPT00232 0.912 0.5 0.61 0.783
RNCMPT00234 0.959 0.6 0.89 0.878
RNCMPT00235 0.895 0.4 0.64 0.757
RNCMPT00236 0.937 0.6 0.73 0.818
RNCMPT00237 0.818 0.6 0.51 0.641
RNCMPT00238 0.976 0.7 0.71 0.867
RNCMPT00239 0.94 0.4 0.69 0.766
RNCMPT00240 0.943 0.6 0.83 0.827
RNCMPT00241 0.941 0.6 0.76 0.853
RNCMPT00245 0.947 0.6 0.66 0.859
RNCMPT00246 0.949 0.5 0.67 0.808
RNCMPT00248 0.937 0.5 0.84 0.774
RNCMPT00249 0.948 0.8 0.81 0.846
RNCMPT00251 0.867 0.6 0.83 0.654
RNCMPT00252 0.929 0.8 0.71 0.731
RNCMPT00253 0.894 0.6 0.71 0.744
RNCMPT00254 0.942 0.7 0.86 0.728
RNCMPT00255 0.928 0.5 0.7 0.779
RNCMPT00256 0.957 0.9 0.75 0.88
RNCMPT00257 0.93 0.6 0.8 0.819
RNCMPT00258 0.951 0.6 0.71 0.825
RNCMPT00259 0.961 0.7 0.86 0.804
RNCMPT00261 0.939 0.7 0.88 0.776
RNCMPT00262 0.955 0.8 0.83 0.85
RNCMPT00263 0.926 0.9 0.59 0.668
RNCMPT00265 0.927 0.4 0.38 0.632
RNCMPT00268 0.94 0.4 0.57 0.768
RNCMPT00269 0.937 0.3 0.52 0.752
RNCMPT00270 0.762 0.7 0.67 0.583
RNCMPT00272 0.931 0.6 0.69 0.807
RNCMPT00273 0.264 0.5 0.23 0.154
RNCMPT00274 0.95 0.6 0.77 0.841
RNCMPT00278 0.862 0.8 0.82 0.5
RNCMPT00279 0.918 0.6 0.62 0.746
RNCMPT00280 0.855 0.6 0.59 0.656
RNCMPT00281 0.905 0.5 0.73 0.727
RNCMPT00282 0.88 0.6 0.61 0.58
RNCMPT00283 0.962 0.3 0.77 0.836
RNCMPT00284 0.943 0.5 0.81 0.819
RNCMPT00285 0.959 0.6 0.77 0.83
RNCMPT00287 0.82 0.3 0.5 0.507
RNCMPT00288 0.917 0.3 0.71 0.74
RNCMPT00289 0.92 0.5 0.77 0.823
RNCMPT00291 0.937 0.6 0.81 0.825
RNCMPT00301 0.961 0.7 0.92 0.704
RNCMPT00306 0.908 0.3 0.6 0.695
RNCMPT00309 0.955 0.5 0.62 0.806
RNCMPT00311 0.892 0.5 0.59 0.766
RNCMPT00323 0.666 0.7 0.47 0.354
RNCMPT00324 0.924 0.8 0.83 0.639
RNCMPT00325 0.933 0.7 0.66 0.809
RNCMPT00326 0.906 0.4 0.62 0.748
RNCMPT00329 0.772 0.4 0.54 0.602
RNCMPT00331 0.916 0.2 0.67 0.854
RNCMPT00340 0.943 0.6 0.78 0.86
RNCMPT00341 0.79 0.5 0.76 0.636
RNCMPT00342 0.891 0.7 0.73 0.7
RNCMPT00343 0.942 0.5 0.74 0.81
RNCMPT00344 0.85 0.7 0.65 0.745
RNCMPT00345 0.917 0.4 0.66 0.788
RNCMPT00346 0.933 0.6 0.86 0.8
RNCMPT00347 0.891 0.6 0.56 0.634
RNCMPT00349 0.95 0.5 0.89 0.778
RNCMPT00350 0.89 0.6 0.68 0.788
RNCMPT00351 0.816 0.5 0.69 0.703
RNCMPT00352 0.63 0.7 0.4 0.44
RNCMPT00360 0.921 0.6 0.69 0.789
RNCMPT00364 0.78 0.4 0.66 0.529
RNCMPT00366 0.94 0.4 0.7 0.755
RNCMPT00368 0.922 0.5 0.62 0.763
RNCMPT00370 0.944 0.5 0.79 0.829
RNCMPT00372 0.88 0.6 0.57 0.606
RNCMPT00380 0.942 0.6 0.78 0.84
RNCMPT00382 0.933 0.7 0.76 0.779
RNCMPT00392 0.9 0.4 0.53 0.699
RNCMPT00394 0.89 0.3 0.68 0.785
RNCMPT00396 0.756 0.3 0.78 0.601
RNCMPT00399 0.919 0.2 0.67 0.791
RNCMPT00403 0.955 0.5 0.74 0.837
RNCMPT00412 0.955 0.9 0.9 0.693
RNCMPT00413 0.931 0.6 0.85 0.795
RNCMPT00414 0.927 0.5 0.63 0.787
RNCMPT00416 0.916 0.7 0.78 0.794
RNCMPT00417 0.642 0.9 0.66 0.53
RNCMPT00418 0.893 0.8 0.74 0.718
RNCMPT00419 0.758 0.3 0.66 0.646
RNCMPT00421 0.895 0.5 0.82 0.774
RNCMPT00422 0.913 0.7 0.67 0.808
RNCMPT00423 0.705 0.8 0.74 0.516
RNCMPT00425 0.749 0.5 0.64 0.54
RNCMPT00430 0.884 0.6 0.64 0.829
RNCMPT00431 0.949 0.7 0.83 0.833
RNCMPT00432 0.878 0.8 0.74 0.704
RNCMPT00433 0.94 0.6 0.67 0.786
RNCMPT00434 0.822 0.6 0.84 0.586
RNCMPT00460 0.93 0.8 0.7 0.771
RNCMPT00461 0.918 0.1 0.6 0.791
RNCMPT00462 0.947 0.6 0.72 0.879
RNCMPT00464 0.949 0.8 0.82 0.853
RNCMPT00465 0.782 0.6 0.73 0.66
RNCMPT00466 0.784 0.4 0.6 0.654
RNCMPT00467 0.704 0.8 0.71 0.505
RNCMPT00468 0.922 0.6 0.57 0.795
RNCMPT00469 0.728 0.7 0.45 0.34
RNCMPT00470 0.779 0.7 0.58 0.583
RNCMPT00471 0.857 0.8 0.82 0.766
RNCMPT00474 0.843 0.3 0.53 0.683
RNCMPT00475 0.941 0.3 0.85 0.845
RNCMPT00476 0.966 0.6 0.71 0.841
RNCMPT00478 0.887 0.3 0.57 0.745
RNCMPT00482 0.626 0.6 0.76 0.338
RNCMPT00500 0.911 0.3 0.68 0.84
RNCMPT00501 0.677 0.7 0.69 0.466
RNCMPT00503 0.923 0.7 0.64 0.782
RNCMPT00505 0.813 0.5 0.64 0.692
RNCMPT00507 0.949 0.7 0.86 0.859
RNCMPT00508 0.932 0.7 0.82 0.737
RNCMPT00509 0.896 0.4 0.71 0.74
RNCMPT00510 0.948 0.7 0.91 0.814
RNCMPT00511 0.928 0.7 0.75 0.754
RNCMPT00513 0.872 0.7 0.56 0.719
RNCMPT00514 0.941 0.7 0.76 0.805
RNCMPT00529 0.739 0.6 0.57 0.574
RNCMPT00615 0.817 0.4 0.46 0.539
RNCMPT00623 0.893 0.5 0.75 0.783
RNCMPT00630 0.845 0.6 0.66 0.509
RNCMPT00637 0.916 0.7 0.72 0.798
RNCMPT00642 0.659 0.8 0.66 0.454
RNCMPT00667 0.926 0.6 0.57 0.787
RNCMPT00676 0.885 0.4 0.62 0.771
RNCMPT00677 0.874 0.4 0.74 0.826
RNCMPT00678 0.92 0.5 0.84 0.776
RNCMPT00681 0.916 0.4 0.79 0.542
RNCMPT00683 0.926 0.6 0.71 0.797
RNCMPT00684 0.878 0.1 0.66 0.857
RNCMPT00685 0.839 0.6 0.77 0.713
RNCMPT00687 0.952 0.9 0.85 0.816
RNCMPT00688 0.875 0.6 0.69 0.742
RNCMPT00689 0.942 0.6 0.79 0.832
RNCMPT00691 0.974 0.7 0.88 0.836
RNCMPT00692 0.866 0.3 0.62 0.641
RNCMPT00694 0.916 0.7 0.8 0.759
RNCMPT00695 0.752 0.7 0.81 0.548
RNCMPT00698 0.92 0.4 0.79 0.779
RNCMPT00707 0.916 0.7 0.63 0.85
RNCMPT00712 0.921 0.6 0.83 0.736
RNCMPT00713 0.952 0.9 0.8 0.813
RNCMPT00714 0.939 0.6 0.9 0.693
RNCMPT00715 0.959 0.6 0.86 0.767
RNCMPT00716 0.734 0.5 0.52 0.574
RNCMPT00717 0.968 0.8 0.9 0.81
RNCMPT00718 0.947 0.9 0.65 0.816
RNCMPT00720 0.794 0.6 0.56 0.566
RNCMPT00723 0.848 0.6 0.62 0.807
RNCMPT00725 0.538 0.8 0.59 0.351
RNCMPT00727 0.795 0.9 0.76 0.578
RNCMPT00732 0.901 0.7 0.89 0.636
RNCMPT00735 0.948 1.0 0.78 0.839
RNCMPT00739 0.689 0.6 0.49 0.435
RNCMPT00741 0.921 0.4 0.74 0.794
RNCMPT00743 0.764 0.4 0.5 0.606
RNCMPT00749 0.888 0.5 0.77 0.766
RNCMPT00751 0.936 0.2 0.81 0.825
RNCMPT00754 0.939 0.7 0.84 0.886
RNCMPT00757 0.938 0.3 0.63 0.887
RNCMPT00758 0.896 0.4 0.68 0.789
RNCMPT00760 0.901 0.7 0.74 0.784
RNCMPT00761 0.965 0.8 0.87 0.733
RNCMPT00762 0.953 0.8 0.83 0.75
RNCMPT00763 0.914 0.8 0.65 0.814
RNCMPT00768 0.792 0.6 0.44 0.635
RNCMPT00773 0.877 0.4 0.65 0.78
RNCMPT00774 0.933 0.7 0.75 0.792
RNCMPT00776 0.897 0.5 0.73 0.75
RNCMPT00784 0.517 0.5 0.52 0.347
RNCMPT00787 0.725 0.5 0.37 0.408
RNCMPT00788 0.892 0.2 0.58 0.72
RNCMPT00789 0.912 0.6 0.67 0.758
RNCMPT00790 0.905 0.8 0.71 0.689
RNCMPT00791 0.866 0.6 0.49 0.616
RNCMPT00792 0.87 0.5 0.71 0.8
RNCMPT00793 0.825 0.2 0.53 0.659
RNCMPT00794 0.867 0.6 0.7 0.696
RNCMPT00799 0.896 0.8 0.8 0.788
RNCMPT00800 0.857 0.4 0.57 0.733
RNCMPT00801 0.876 0.5 0.7 0.725
RNCMPT00805 0.928 0.5 0.78 0.794
RNCMPT00808 0.948 0.5 0.71 0.874
RNCMPT00813 0.911 0.4 0.53 0.809
RNCMPT00814 0.92 0.7 0.78 0.805
RNCMPT00816 0.937 0.8 0.77 0.79
RNCMPT00818 0.979 0.7 0.81 0.768
RNCMPT00819 0.816 0.5 0.46 0.572
RNCMPT00820 0.933 0.7 0.71 0.799
RNCMPT00821 0.643 0.3 0.63 0.488
RNCMPT00822 0.888 0.3 0.56 0.776
RNCMPT00828 0.817 0.7 0.58 0.577
RNCMPT00830 0.9 0.6 0.82 0.812
RNCMPT00831 0.929 0.5 0.67 0.791
RNCMPT00833 0.927 0.8 0.61 0.893
RNCMPT00834 0.783 0.9 0.77 0.304
RNCMPT00835 0.69 0.6 0.57 0.48
RNCMPT00837 0.853 0.5 0.83 0.653
RNCMPT00838 0.857 0.7 0.47 0.665
RNCMPT00840 0.866 0.6 0.75 0.656
RNCMPT00862 0.898 0.4 0.49 0.646
RNCMPT00866 0.9 0.3 0.56 0.727
RNCMPT01660 0.641 0.0 0.09 0.295
RNCMPT01664 0.853 0.6 0.51 0.676
RNCMPT01667 0.915 0.1 0.46 0.712
RNCMPT01669 0.717 0.0 0.16 0.363
RNCMPT01670 0.801 0.2 0.43 0.558
RNCMPT01671 0.793 0.6 0.66 0.617
RNCMPT01672 0.886 0.6 0.75 0.755
RNCMPT01673 0.842 0.3 0.62 0.751
RNCMPT01674 0.835 0.4 0.65 0.666
RNCMPT01677 0.768 0.2 0.1 0.285
RNCMPT01679 0.892 0.9 0.8 0.735
RNCMPT01680 0.738 0.3 0.49 0.51
RNCMPT01685 0.748 0.1 0.32 0.476
RNCMPT01687 0.791 0.6 0.44 0.655
