P039144_1.95d 2.925 0.0017197466935219765 0.06 124 0.007777562792306853 True
P039145_1.95d -2.47 0.006753553082370828 -0.03 455 0.0170625827277414 True
P039153_1.95d -3.795 7.39249135012521e-05 -0.05 526 0.0009333020329533078 True
P039154_1.95d 1.202 0.1146633753812879 0.02 216 0.12588044471206605 False
P039160_1.95d 2.586 0.004850487720319401 0.04 216 0.014967821632044239 True
P039181_1.95d -3.189 0.000714745707423305 -0.03 498 0.004500928619702965 True
P039186_1.95d 2.085 0.018552219610450005 0.02 216 0.03178509302018637 True
P039190_1.95d 2.395 0.008315851304221578 0.03 441 0.019997642422056653 True
P039193_1.95d 3.934 4.180992484580606e-05 0.04 470 0.0008800325315826294 True
P039203_1.95d 1.787 0.036970994712894806 0.04 87 0.05573239501496082 True
P077644_1.95d 2.73 0.003171874771067663 0.23 11 0.01104687420268393 True
P077654_1.95d 1.123 0.13071194025754296 0.03 194 0.1404458081490621 False
P077667_1.95d 2.05 0.02016425539252597 0.03 249 0.03394316324408538 True
P077674_1.95d 1.337 0.09067069323465188 0.02 109 0.10648534903139349 False
P077687_1.95d -0.936 0.17462295694995833 -0.07 12 0.1763691865194579 False
P077693_1.95d -1.793 0.03651751323313906 -0.01 548 0.05573239501496082 True
P077701_1.95d 1.387 0.08279661104886465 0.04 58 0.09838185548159212 True
P077704_1.95d 3.591 0.00016450825391404428 0.04 516 0.0015104848768471338 True
P077706_1.95d 1.508 0.06582199833602932 0.04 128 0.08334854815893974 True
P077715_1.95d -2.561 0.005225434060083102 -0.13 12 0.014967821632044239 True
P077716_1.95d 2.386 0.008523637616346806 0.02 516 0.02002063719188436 True
P077719_1.95d -2.303 0.0106337055283764 -0.03 81 0.023010518202097503 True
P077724_1.95d 2.618 0.0044243343543538755 0.04 403 0.014414766767411014 True
P077726_1.95d 2.236 0.01267499656634283 0.03 426 0.02639103941961584 True
P077730_1.95d 2.774 0.0027702626006998457 0.07 108 0.01036283417298831 True
P077732_1.95d -1.276 0.10104147120790807 -0.06 58 0.11641991430681764 False
P077734_1.95d -1.415 0.07860950701176683 -0.06 33 0.09451857390700537 True
P077739_1.95d -4.094 2.118634945385714e-05 -0.05 529 0.0007132737649465238 True
P077742_1.95d -2.21 0.013561851589496556 -0.03 326 0.02711484973702538 True
P077747_1.95d 2.408 0.008027666881080413 0.06 145 0.019775472072905406 True
P077749_1.95d 1.273 0.10143738047840012 0.1 13 0.11641991430681764 False
P077756_1.95d 1.683 0.04619570104791005 0.04 96 0.06480230285887383 True
P077760_1.95d -2.748 0.00299732706419107 -0.19 13 0.010811786910117787 True
P077769_1.95d -1.644 0.050136475841132636 -0.03 399 0.06936690493088214 True
P077776_1.95d 3.868 5.476411374117277e-05 0.14 71 0.0009218625813097416 True
P077777_1.95d 2.522 0.005833781989920126 0.03 536 0.015873025726007062 True
P077780_1.95d 4.454 4.207072708519469e-06 0.05 441 0.00042491434356046635 True
P077795_1.95d -1.267 0.10258784528026504 -0.02 547 0.11641991430681764 False
P077804_1.95d -1.116 0.1323208782139374 -0.01 542 0.14067798631165976 False
P077813_1.95d 2.331 0.009864530443802179 0.08 79 0.022308803882489233 True
P077815_1.95d 1.888 0.02951010637512642 0.05 149 0.046570636623246384 True
P077818_1.95d -1.989 0.02334005733670811 -0.03 395 0.03802170630657289 True
P077819_1.95d 2.553 0.005335065136174184 0.04 548 0.014967821632044239 True
P077822_1.95d 2.575 0.005007689539156578 0.09 34 0.014967821632044239 True
P077830_1.95d 2.329 0.00993956608625758 0.05 170 0.022308803882489233 True
P077842_1.95d 1.245 0.10650583706096284 0.04 38 0.11820977519953017 False
P077846_1.95d -1.577 0.05742055732096024 -0.1 12 0.07732635052555979 True
P077850_1.95d -2.14 0.016193817073091147 -0.04 202 0.02950513047218433 True
P077853_1.95d 2.567 0.005128600486782013 0.09 84 0.014967821632044239 True
P077854_1.95d 2.47 0.006757458506036199 0.03 376 0.0170625827277414 True
P077860_1.95d -1.624 0.052215674095981615 -0.04 78 0.07126733896883977 True
P077864_1.95d -1.02 0.15398435873942318 -0.02 140 0.15709515386547213 False
P077875_1.95d -1.135 0.12829443206263652 -0.04 77 0.13933051224006762 False
P077880_1.95d -1.066 0.14322384860543486 -0.07 12 0.14760825213417267 False
P077881_1.95d -3.666 0.0001231772136647766 -0.03 529 0.0013823220644602707 True
P077882_1.95d 3.172 0.000757582044900499 0.04 483 0.004500928619702965 True
P077891_1.95d 1.531 0.06283748774067453 0.01 401 0.08242319820530036 True
P077892_1.95d 1.816 0.03466002863843342 0.06 61 0.053856352192027314 True
P077916_1.95d -2.914 0.0017836995907875828 -0.16 13 0.007777562792306853 True
P077921_1.95d 1.716 0.04310544596878111 0.13 11 0.06219500061209846 True
P077926_1.95d -3.113 0.0009267107565348402 -0.05 413 0.004926199284737835 True
P077929_1.95d 2.301 0.01070786490592656 0.21 12 0.023010518202097503 True
P077939_1.95d 3.268 0.0005418954095874705 0.04 455 0.003648762424555635 True
P077941_1.95d 3.015 0.0012838932392473775 0.04 550 0.006174915103046911 True
P077944_1.95d 2.136 0.016359280261805175 0.14 14 0.02950513047218433 True
P077950_1.95d 2.206 0.013691656797903906 0.03 533 0.02711484973702538 True
P077953_1.95d 3.357 0.000393978568842677 0.03 551 0.003060910419470029 True
P077956_1.95d 4.113 1.9503628049457614e-05 0.05 545 0.0007132737649465238 True
P077962_1.95d 1.909 0.028164654853934403 0.07 34 0.04515285936900595 True
P077973_1.95d -1.433 0.07593256896303675 -0.05 37 0.0935267007959355 True
P077981_1.95d 2.898 0.0018804593620165106 0.07 76 0.007777562792306853 True
P077990_1.95d 1.521 0.06410850505902464 0.02 287 0.08301229501232678 True
P077991_1.95d 3.816 6.791673778858618e-05 0.15 24 0.0009333020329533078 True
P077994_1.95d 1.442 0.07463279430338615 0.02 364 0.09306064474866668 True
P077997_1.95d -3.63 0.00014178316721305477 -0.04 413 0.0014320099888518532 True
P078000_1.95d 2.187 0.014380715571724831 0.17 15 0.02793177447585015 True
P078010_1.95d 1.535 0.0623990515669266 0.04 149 0.08242319820530036 True
P078026_1.95d -1.418 0.07807880992094329 -0.07 28 0.09451857390700537 True
P078036_1.95d -2.514 0.005972029481071964 -0.04 140 0.015873025726007062 True
P078038_1.95d 1.245 0.10648421838109912 0.03 103 0.11820977519953017 False
P078039_1.95d 1.506 0.06601865200708099 0.02 395 0.08334854815893974 True
P078046_1.95d 2.232 0.012803573579813625 0.05 96 0.02639103941961584 True
P078050_1.95d 3.378 0.0003656099340831966 0.07 112 0.003060910419470029 True
P078056_1.95d 1.083 0.13935503323399473 0.06 16 0.14510163254261307 False
P078070_1.95d -2.176 0.014783063537977004 -0.02 545 0.0281714984402958 True
P078076_1.95d 1.699 0.044666409344699065 0.02 429 0.06353954005372685 True
P078086_1.95d -3.924 4.356596691003116e-05 -0.04 550 0.0008800325315826294 True
P078098_1.95d -2.004 0.02253413158718683 -0.02 348 0.03731061131648967 True
P078103_1.95d -3.068 0.0010792330437187686 -0.14 23 0.005450126870779781 True
P078132_1.95d -3.117 0.0009147098242757972 -0.06 149 0.004926199284737835 True
P078135_1.95d 2.89 0.0019251393050264487 0.07 139 0.007777562792306853 True
P078137_1.95d 2.804 0.0025260120927734792 0.04 428 0.009812585437312362 True
P078147_1.95d 3.283 0.000513123933175962 0.04 544 0.003648762424555635 True
P078156_1.95d -1.74 0.0409518347453537 -0.07 40 0.0599439899895757 True
P078157_1.95d -1.09 0.13785330843670307 -0.02 213 0.1450331682511147 False
P078158_1.95d -2.159 0.01543446803493767 -0.04 140 0.028868171694976012 True
P078178_1.95d -0.707 0.23974419011468384 -0.03 11 0.23974419011468384 False
P078185_1.95d 2.104 0.01768748398495585 0.04 487 0.03134098039439546 True
P078187_1.95d 2.677 0.003716830151772638 0.03 547 0.012513328177634548 True
P078198_1.95d 1.755 0.03964068779645736 0.04 77 0.05887808040356166 True
P078200_1.95d 2.084 0.01856752958604946 0.03 430 0.03178509302018637 True
