P039144_1.95d -2.988 0.0014056007512139304 -0.06 124 0.006760270279647951 True
P039145_1.95d 2.311 0.010424643586724788 0.03 456 0.02227285938440152 False
P039153_1.95d 3.736 9.347650130317497e-05 0.05 529 0.001180140828952584 True
P039154_1.95d -1.201 0.1148270270540186 -0.02 217 0.12606010578756388 False
P039160_1.95d -2.567 0.005136702390298381 -0.04 217 0.014823055469146758 False
P039181_1.95d 3.117 0.0009148454765993521 0.03 500 0.005133299618696365 True
P039186_1.95d -2.087 0.01845348998523691 -0.02 217 0.03236781516596305 False
P039190_1.95d -2.404 0.008116967486743175 -0.03 444 0.019995456491733184 False
P039193_1.95d -3.911 4.598849853778398e-05 -0.05 472 0.0009928484692920997 True
P039203_1.95d -1.759 0.03929822919811075 -0.04 87 0.0592406141643162 False
P077644_1.95d -2.73 0.00317184508569791 -0.23 11 0.01111873200597258 False
P077654_1.95d -1.187 0.11766921801774327 -0.03 194 0.12779130128808677 False
P077667_1.95d -2.064 0.019514703743315646 -0.04 251 0.03340652674703187 False
P077674_1.95d -1.338 0.09042229908334887 -0.02 109 0.10619363031881669 False
P077687_1.95d 0.939 0.17389026147868308 0.07 12 0.1756291640934699 False
P077693_1.95d 1.835 0.033260870368977916 0.01 554 0.05089921071616317 False
P077701_1.95d 1.429 0.07649922178582966 0.03 397 0.09422465122400969 False
P077704_1.95d -3.642 0.00013545896237041974 -0.04 521 0.0013681355199412393 True
P077706_1.95d -1.523 0.06394425997116837 -0.03 129 0.08175152224162031 False
P077715_1.95d 2.556 0.005295407205779641 0.13 12 0.014856559105103993 False
P077716_1.95d -2.42 0.007764471847611245 -0.03 521 0.019605291415218395 False
P077719_1.95d 2.298 0.010794331598602444 0.03 81 0.02227285938440152 False
P077724_1.95d -2.591 0.004789713257365801 -0.04 403 0.014659425424058965 False
P077726_1.95d -2.318 0.010218854319491823 -0.03 427 0.02227285938440152 False
P077730_1.95d -2.802 0.0025409819462390653 -0.07 108 0.009505154687783169 True
P077732_1.95d 1.252 0.1052134844884271 0.06 58 0.12075638560603565 False
P077734_1.95d 1.381 0.08366755635179579 0.06 33 0.10060027608965923 False
P077739_1.95d 4.024 2.8660327069174804e-05 0.05 532 0.0009648976779955518 True
P077742_1.95d 2.178 0.014697288381072312 0.02 326 0.028008040122420818 False
P077747_1.95d -2.353 0.009306785315633807 -0.05 146 0.02136330265634124 False
P077749_1.95d -1.276 0.10095661287788449 -0.1 13 0.11720250460536015 False
P077756_1.95d -1.634 0.05116063179211797 -0.04 96 0.07078388782197144 False
P077760_1.95d 2.577 0.004989912378266914 0.18 14 0.014822975006028185 False
P077769_1.95d 1.593 0.05563307789607728 0.03 403 0.07393824408142216 False
P077776_1.95d -3.895 4.9150914321391076e-05 -0.14 71 0.0009928484692920997 True
P077777_1.95d -2.601 0.004647934943371851 -0.03 541 0.014659425424058965 False
P077780_1.95d -4.478 3.772126063337722e-06 -0.05 444 0.0003809847323971099 True
P077795_1.95d 1.209 0.11335551744596728 0.02 554 0.1258121677147549 False
P077804_1.95d 0.997 0.15944095105265632 0.04 44 0.1626619803668514 False
P077813_1.95d -2.378 0.008696317317911692 -0.08 79 0.02091257259783526 False
P077815_1.95d -1.941 0.026145690725030337 -0.05 149 0.041916107352826415 False
P077818_1.95d 1.917 0.027645044661650707 0.03 399 0.043627336106667525 False
P077819_1.95d -2.616 0.004453835560497671 -0.04 552 0.01451088360033112 False
P077822_1.95d -2.514 0.005969212746587775 -0.09 34 0.015865539142246456 False
P077830_1.95d -2.36 0.009144810825757112 -0.05 173 0.02136330265634124 False
P077842_1.95d -1.212 0.11274113628016474 -0.04 38 0.1258121677147549 False
P077846_1.95d 1.592 0.055726902639513735 0.1 12 0.07393824408142216 False
P077850_1.95d 2.017 0.021844512377951528 0.04 203 0.036771595836218404 False
P077853_1.95d -2.624 0.004344862242812264 -0.09 84 0.01451088360033112 False
P077854_1.95d -2.474 0.006680906617551886 -0.03 377 0.017301835086480526 False
P077860_1.95d 1.646 0.049890400786459274 0.04 78 0.06998514554767205 False
P077864_1.95d 1.027 0.15220820708121974 0.02 140 0.1584848341773525 False
P077875_1.95d 1.178 0.11934664559001712 0.04 77 0.12823416175097582 False
P077880_1.95d 1.096 0.13660453949684587 0.08 12 0.14371935926230658 False
P077881_1.95d 3.695 0.00011012359086069345 0.03 532 0.0012358314085477821 True
P077882_1.95d -3.213 0.0006575073929292987 -0.04 486 0.004150515417866198 True
P077891_1.95d -1.622 0.052358167801447864 -0.01 401 0.07146182362089507 False
P077892_1.95d -2.003 0.02258403585752446 -0.07 62 0.03739323969852411 False
P077916_1.95d 2.935 0.0016685992311348127 0.16 14 0.007232774419858831 True
P077921_1.95d -1.721 0.04266401893519652 -0.13 11 0.06241919821399287 False
P077926_1.95d 2.969 0.0014921386555212005 0.05 414 0.006850272918529148 True
P077929_1.95d -2.318 0.010234038976000557 -0.21 12 0.02227285938440152 False
P077939_1.95d -3.356 0.0003949861110959913 -0.04 461 0.0030687382477457784 True
P077941_1.95d -2.995 0.0013738104980148779 -0.04 553 0.006760270279647951 True
P077944_1.95d -2.094 0.01812581503338303 -0.13 15 0.03236781516596305 False
P077950_1.95d -2.154 0.01561805525175778 -0.15 20 0.029211547785695107 False
P077953_1.95d -3.332 0.0004314638948809534 -0.04 374 0.003112703813069735 True
P077956_1.95d -4.091 2.1511591560736866e-05 -0.05 547 0.0009648976779955518 True
P077962_1.95d -1.845 0.03250832812627629 -0.06 34 0.05051294062698316 False
P077973_1.95d 1.371 0.0852419877522933 0.05 38 0.1012875383880191 False
P077981_1.95d -2.926 0.0017186790700654646 -0.08 76 0.007232774419858831 True
P077990_1.95d -1.509 0.06567217088829162 -0.01 289 0.08291111574646817 False
P077991_1.95d -3.808 7.010507882909425e-05 -0.15 24 0.0011801021602897532 True
P077994_1.95d -1.547 0.06099195656354219 -0.02 368 0.07897676426817643 False
P077997_1.95d 3.532 0.00020611852378282113 0.04 414 0.0018925428092786303 True
P078000_1.95d -2.201 0.013879451139071108 -0.17 15 0.026958164712426576 False
P078010_1.95d -1.586 0.05636876033930205 -0.04 149 0.07393824408142216 False
P078026_1.95d 1.409 0.07936839168233484 0.07 28 0.09658081397488939 False
P078036_1.95d 2.52 0.005874060584183489 0.04 140 0.015865539142246456 False
P078038_1.95d -1.221 0.11103094189743734 -0.03 103 0.1258121677147549 False
P078039_1.95d -1.485 0.06882337446395663 -0.02 399 0.08581680025752617 False
P078046_1.95d -2.136 0.016336675099049573 -0.05 96 0.03000007609098194 False
P078050_1.95d -3.4 0.00033743865899353776 -0.07 113 0.00284010871319561 True
P078056_1.95d -1.108 0.13385436127123967 -0.06 16 0.14230832093047588 False
P078070_1.95d 2.202 0.013829543655738198 0.02 549 0.026958164712426576 False
P078076_1.95d -1.731 0.04177134512622936 -0.02 431 0.062042733202193605 False
P078086_1.95d 3.762 8.434599072369454e-05 0.04 553 0.001180140828952584 True
P078098_1.95d 1.948 0.025717549698130737 0.02 348 0.04189471805663233 False
P078103_1.95d 3.013 0.0012921640625377657 0.14 22 0.006760270279647951 True
P078132_1.95d 3.17 0.0007616621729529384 0.06 149 0.004525169380485104 True
P078135_1.95d -2.854 0.0021555258906116657 -0.07 140 0.008708324598071129 True
P078137_1.95d -2.807 0.0025027784979084824 -0.04 430 0.009505154687783169 True
P078147_1.95d -3.275 0.0005289941283855391 -0.04 546 0.003561893797795964 True
P078156_1.95d 1.714 0.04326083044534159 0.07 40 0.06241919821399287 False
P078157_1.95d 1.012 0.15586056835641215 0.02 213 0.16063181024487375 False
P078158_1.95d 2.242 0.012495730492431472 0.04 140 0.025241375594711575 False
P078178_1.95d 0.724 0.2345004075638943 0.03 11 0.2345004075638943 False
P078185_1.95d -2.297 0.01080564465183836 -0.04 488 0.02227285938440152 False
P078187_1.95d -2.727 0.003192507209635691 -0.03 551 0.01111873200597258 False
P078198_1.95d -1.665 0.047934424919755046 -0.04 76 0.06818840728021493 False
P078200_1.95d -2.084 0.01858745821411739 -0.03 432 0.03236781516596305 False
